%YAML:1.0
---
M1: !!opencv-matrix
   rows: 3
   cols: 3
   dt: d
   data: [ 8.0817103489729402e+02, 0., 3.2680651286061965e+02, 0.,
       8.1163607682658881e+02, 1.9918382695449219e+02, 0., 0., 1. ]
M2: !!opencv-matrix
   rows: 3
   cols: 3
   dt: d
   data: [ 8.0817103489729402e+02, 0., 3.2680651286061965e+02, 0.,
       8.1163607682658881e+02, 1.9918382695449219e+02, 0., 0., 1. ]
D1: !!opencv-matrix
   rows: 1
   cols: 14
   dt: d
   data: [ -2.1588582047963985e-02, -4.6083237922046827e-01, 0., 0.,
       2.3847194974082710e+00, 0., 0., 0., 0., 0., 0., 0., 0., 0. ]
D2: !!opencv-matrix
   rows: 1
   cols: 14
   dt: d
   data: [ 1.1731284955054345e-01, 4.3360523068862458e+00, 0., 0.,
       -6.1411371586956847e+01, 0., 0., 0., 0., 0., 0., 0., 0., 0. ]
R: !!opencv-matrix
   rows: 3
   cols: 3
   dt: d
   data: [ 9.6838524246826263e-01, 1.6019990689915459e-02,
       -2.4894453612798809e-01, -2.9216874850186841e-02,
       9.9835130035584851e-01, -4.9407036966153166e-02,
       2.4774260108764634e-01, 5.5118426828795905e-02,
       9.6725672012669206e-01 ]
T: !!opencv-matrix
   rows: 3
   cols: 1
   dt: d
   data: [ 1.8872544895685291e+01, -3.1623692325033664e-01,
       2.6030932768759127e+00 ]
E: !!opencv-matrix
   rows: 3
   cols: 3
   dt: d
   data: [ -2.2911074321464824e-03, -2.6162320396313712e+00,
       -1.7727116340912408e-01, -2.1547362475054723e+00,
       -9.9852345484546168e-01, -1.8902621724554056e+01,
       -2.4515761272257497e-01, 1.8846495850197822e+01,
       -1.0111619774716056e+00 ]
F: !!opencv-matrix
   rows: 3
   cols: 3
   dt: d
   data: [ 2.5782597287451620e-09, 2.9315641977084677e-06,
       -4.2354140543109320e-04, 2.4144447216470019e-06,
       1.1140979063231823e-06, 1.6106854182786619e-02,
       -2.5879943254204243e-04, -1.8246958861196424e-02, 1. ]
R1: !!opencv-matrix
   rows: 3
   cols: 3
   dt: d
   data: [ 9.9350180632221941e-01, 6.8280627227167217e-03,
       -1.1361134799808374e-01, -9.8455289511905283e-03,
       9.9961294600441242e-01, -2.6019679860655898e-02,
       1.1338971026578339e-01, 2.6969162757386436e-02,
       9.9318449336767600e-01 ]
R2: !!opencv-matrix
   rows: 3
   cols: 3
   dt: d
   data: [ 9.9048479743550610e-01, -1.6597012570299365e-02,
       1.3661773392530643e-01, 1.2956982280992393e-02,
       9.9953809536796945e-01, 2.7490225869244829e-02,
       -1.3701088518550109e-01, -2.5458497243815732e-02,
       9.9024233511740545e-01 ]
P1: !!opencv-matrix
   rows: 3
   cols: 4
   dt: d
   data: [ 8.1163607682658881e+02, 0., 4.3363606643676758e+02, 0., 0.,
       8.1163607682658881e+02, 1.9863178443908691e+02, 0., 0., 0., 1.,
       0. ]
P2: !!opencv-matrix
   rows: 3
   cols: 4
   dt: d
   data: [ 8.1163607682658881e+02, 0., 1.9763645935058594e+02,
       1.5464788897847839e+04, 0., 8.1163607682658881e+02,
       1.9863178443908691e+02, 0., 0., 0., 1., 0. ]
Q: !!opencv-matrix
   rows: 4
   cols: 4
   dt: d
   data: [ 1., 0., 0., -4.3363606643676758e+02, 0., 1., 0.,
       -1.9863178443908691e+02, 0., 0., 0., 8.1163607682658881e+02, 0.,
       0., -5.2482842293407599e-02, 1.2385930160010229e+01 ]
